0000000000000000000000000000000000000000000000000000000000000000000000000000000000000000000000000000000000000000000000000000000000000000000000000000000000000000000000000000000000000000000000000000000000000000000000000000000000000000000000000000000000000000000000000000000000000000000000000000000000000000000000000000000000000000000000000000000000000000000000000000000000000000000000000000000000000000
0000000000000000000000000000000000000000000000000000000000000000000000000000000000000000000000000000000000000000000000000000000000000000000000000000000000000000000000000000000000000000000000000000000000000000000000000000000000000000000000000000000000000000000000000000000000000000000000000000000000000000000000000000000000000000000000000000000000000000000000000000000000000000000000000000000000000000
0000000000000000000000000000000000000000000000000000000000000000000000000000000000000000000000000000000000000000000000000000000000000000000000000000000000000000000000000000000000000000000000000000000000000000000000000000000000000000000000000000000000000000000000000000000000000000000000000000000000000000000000000000000000000000000000000000000000000000000000000000000000000000000000000000000000000000
0000000000000000000000000000000000000000000000000000000000000000000000000000000000000000000000000000000000000000000000000000000000000000000000000000000000000000000000000000000000000000000000000000000000000000000000000000000000000000000000000000000000000000000000000000000000000000000000000000000000000000000000000000000000000000000000000000000000000000000000000000000000000000000000000000000000000000
0000000000000000000000000000000000000000000000000000000000000000000000000000000000000000000000000000000000000000000000000000000000000000000000000000000000000000000000000000000000000000000000000000000000000000000000000000000000000000000000000000000000000000000000000000000000000000000000000000000000000000000000000000000000000000000000000000000000000000000000000000000000000000000000000000000000000000
0000000000000000000000000000000000000000000000000000000000000000000000000000000000000000000000000000000000000000000000000000000000000000000000000000000000000000000000000000000000000000000000000000000000000000000000000000000000000000000000000000000000000000000000000000000000000000000000000000000000000000000000000000000000000000000000000000000000000000000000000000000000000000000000000000000000000000
0000000000000000000000000000000000000000000000000000000000000000000000000000000000000000000000000000000000000000000000000000000000000000000000000000000000000000000000000000000000000000000000000000000000000000000000000000000000000000000000000000000000000000000000000000000000000000000000000000000000000000000000000000000000000000000000000000000000000000000000000000000000000000000000000000000000000000
0000000000000000000000000000000000000000000000000000000000000000000000000000000000000000000000000000000000000000000000000000000000000000000000000000000000000000000000000000000000000000000000000000000000000000000000000000000000000000000000000000000000000000000000000000000000000000000000000000000000000000000000000000000000000000000000000000000000000000000000000000000000000000000000000000000000000000
0000000000000000000000000000000000000000000011111111111000000000000110000000000000000000000000110000000000000000000011000000000000000000000000000000000000000000000000000000011000000000000000011000000000000000110000000000000000000000110000000110000011100000000000000111000001111111111100000000000000000000000000000111111111110000000000000000000000000000000000000000000000000000000000000000000000000000
0000000000000000000000000000000000000000000000000000011000000000000110000000000000011111110000110000000000110001100011000000000011100000000000000001111111111100000111111110011000001100001100011000011111111000110000000000000111110000110000000110000011100000011110000111000001100000000000000000000011111111111000000000000000110000000000000000000000000000000000000000000000000000000000000000000000000000
0000000000000001100000000000000011111111100011111111111000000000000110000000000000000000110000110000000000110001100011000000000011100000000000000000000000001100000000000110011000001100001100011000000000111000110000000110001100011000110000111111111011100000110011000111000001100000000000000000000011000000000000000000000000110000000000000000000000000000000000000000000000000000000000000000000000000000
0000000000000111100000000000000011111111100011000000000000000000000111111111110000000000110000110000000000110001100011000000000011100000000000000000000000001100000000001110011000001100001111111000000000110111110000000110011000011000110000000110000011100001100001100111000001100000000000000000000011000000000000000000000000110000000000000000000000000000000000000000000000000000000000000000000000000000
0000000000001111100000000000000000011000000011000000000000000000000000000000000000000000110000110000000000111111100011110000000010100000000000000000000000001100000000001100011000001111111100011000000001110000110000001100011000001100110000000110000011100001100001100111000001111111111100000000000011111111110000000000000001110000000000000000000000000000000000000000000000000000000000000000000000000000
0000000000001101100000000000000000011000000011111111111000000000000000000000000000000000110000110000000000110001100011000000000100010000000000000000000000001100000000001100011000001100001100011000000011100000110000001100011000011000110000000110000011100001100001100111000000000111000000000000000011000000000000011111111111111100000000000000000000000000000000000000000000000000000000000000000000000000
0000000000000001100000000000000000011000000000000000000000000000011111111111111100011111110111110000000000110001100011000000001100011000000000000011111111111100000000011100011000001100001100011000000111001111110000011000001100011000110000000111000011100001100001100111000000000111000000000000000011000000000000000000000000000000000000000000000000000000000000000000000000000000000000000000000000000000
0000000000000001100000000000000000011000001111111111111110000000000000011100000000011000000000110000000000111111100011000000010000000100000000000000000000001100000000111000011000001100001111111000001100000000110000011000000111110000110000001101000011100001100001100111000111111111111111000000000011111111111000000000000000000000000000000000000000000000000000000000000000000000000000000000000000000000
0000000000000001100000000000000000011000000000000000000000000000000000011100000000011000000000110000000000000000000011000001100000000011000000000000000000001100000001110000011000001111111100011000011000000000110000011000000000000000110000001101100011100001100001100111000000000000000000000000000000001110000000000111111111110000000000000000000000000000000000000000000000000000000000000000000000000000
0000000000000001100000000000000000011000000011111111111000000000000111111111110000011000000000110000000000000000000000000000000000000000000000000000000000001100000011100000011000000000000000011000000000111111000000110000111111111110110000011000100011100001100001100111000000011111110000000000000000001110000000000000000000110000000000000000000000000000000000000000000000000000000000000000000000000000
0000000000000001100000000000000000011000000000000000011000000000000000000000110000011000000000110000000000011111111111000000000000000000000000000000000000011000001111000000011000000011100000011000000011000001100000110000000011000000110000110000010011100000110011000111000000110000011000000000000000001110000000000000000000110000000000000000000000000000000000000000000000000000000000000000000000000000
0000000000000001100001110000000000011000000011111111111000000000000111111111110000011111111000110000000000000000000011000000000000000000000000000000000000011000000110000000011000000011100000000000000011000000110000110000000011000000110000100000001011100000011110000111000001100000001100000000000000001110000000000111111111110000000000000000000000000000000000000000000000000000000000000000000000000000
0000000000000001100001110000000000011000000011000000000000000000000110000000000000000000000000110000000000000000000011000011111111111111100000000111111111111111000000000000011000000011100000000000000011000000110001100000000011000000110000000000000011100000000000000111000001100000001100000000001111111111111110000110000000000000000000000000000000000000000000000000000000000000000000000000000000000000
0000000000000001100001110000000000011000000011000000000000000000000110000000000000000000000000110000000000000000000011000000000000000000000000000000000000000000000000000000011000000011100000000000000011000001100001100000000011000000110000000000000011100000000000000111000000110000011000000000000000000000000000000110000000000000000000000000000000000000000000000000000000000000000000000000000000000000
0000000000000000000000000000000000000000000011111111111000000000000111111111110000000000000000110000000000000000000011000000000000000000000000000000000000000000000000000000011000000011111111111000000000111111000011000000000011000000110000000000000011100000000000000111000000011111110000000000000000000000000000000111111111110000000000000000000000000000000000000000000000000000000000000000000000000000
0000000000000000000000000000000000000000000000000000000000000000000000000000000000000000000000110000000000000000000011000000000000000000000000000000000000000000000000000000011000000000000000000000000000000000000011000000000000000000110000000000000011100000000000000111000000000000000000000000000000000000000000000000000000000000000000000000000000000000000000000000000000000000000000000000000000000000
0000000000000000000000000000000000000000000000000000000000000000000000000000000000000000000000000000000000000000000000000000000000000000000000000000000000000000000000000000000000000000000000000000000000000000000000000000000000000000000000000000000000000000000000000000000000000000000000000000000000000000000000000000000000000000000000000000000000000000000000000000000000000000000000000000000000000000
0000000000000000000000000000000000000000000000000000000000000000000000000000000000000000000000000000000000000000000000000000000000000000000000000000000000000000000000000000000000000000000000000000000000000000000000000000000000000000000000000000000000000000000000000000000000000000000000000000000000000000000000000000000000000000000000000000000000000000000000000000000000000000000000000000000000000000
0000000000000000000000000000000000000000000000000000000000000000000000000000000000000000000000000000000000000000000000000000000000000000000000000000000000000000000000000000000000000000000000000000000000000000000000000000000000000000000000000000000000000000000000000000000000000000000000000000000000000000000000000000000000000000000000000000000000000000000000000000000000000000000000000000000000000000
0000000000000000000000000000000000000000000000000000000000000000000000000000000000000000000000000000000000000000000000000000000000000000000000000000000000000000000000000000000000000000000000000000000000000000000000000000000000000000000000000000000000000000000000000000000000000000000000000000000000000000000000000000000000000000000000000000000000000000000000000000000000000000000000000000000000000000
0000000000000000000000000000000000000000000000000000000000000000000000000000000000000000000000000000000000000000000000000000000000000000000000000000000000000000000000000000000000000000000000000000000000000000000000000000000000000000000000000000000000000000000000000000000000000000000000000000000000000000000000000000000000000000000000000000000000000000000000000000000000000000000000000000000000000000
0000000000000000000000000000000000000000000000000000000000000000000000000000000000000000000000000000000000000000000000000000000000000000000000000000000000000000000000000000000000000000000000000000000000000000000000000000000000000000000000000000000000000000000000000000000000000000000000000000000000000000000000000000000000000000000000000000000000000000000000000000000000000000000000000000000000000000
0000000000000000000000000000000000000000000000000000000000000000000000000000000000000000000000000000000000000000000000000000000000000000000000000000000000000000000000000000000000000000000000000000000000000000000000000000000000000000000000000000000000000000000000000000000000000000000000000000000000000000000000000000000000000000000000000000000000000000000000000000000000000000000000000000000000000000
0000000000000000000000000000000000000000000000000000000000000000000000000000000000000000000000000000000000000000000000000000000000000000000000000000000000000000000000000000000000000000000000000000000000000000000000000000000000000000000000000000000000000000000000000000000000000000000000000000000000000000000000000000000000000000000000000000000000000000000000000000000000000000000000000000000000000000
0000000000000000000000000000000000000000000000000000000000000000000000000000000000000000000000000000000000000000000000000000000000000000000000000000000000000000000000000000000000000000000000000000000000000000000000000000000000000000000000000000000000000000000000000000000000000000000000000000000000000000000000000000000000000000000000000000000000000000000000000000000000000000000000000000000000000000
0000000000000000000000000000000000000000000000000000000000000000000000000000000000000000000000000000000000000000000000000000000000000000000000000000000000000000000000000000000000000000000000000000000000000000000000000000000000000000000000000000000000000000000000000000000000000000000000000000000000000000000000000000000000000000000000000000000000000000000000000000000000000000000000000000000000000000
0000000000000000000000000000000000000000000000000000001111111000000000000000001100000000000000000001101100000000000000111000000000000001100000011111111111000000000000000000000110000000000000001100000000000000000000000000000000011000000000000000110000000000000000000000000000000000000000000000000000000000000000000000000000000000000000000000000000000000000000000000000000000000000000000000000000000000
0000000000000000000000000000000000011111111111000000011000001100000011111110001100000000001111111101101100000011110000111000111111111001100000000000000011000000000001111111100110000000011000001100000011000000011000001111111000011000011111111000110000000001100000011000000000000000000000000000000000000000000000000000000000000000000000000000000000000000000000000000000000000000000000000000000000000000
0000000000000011111000000000000000011100000000000000110000000110000011000110001100000000000000000001101100000110011000111000000011000001100000011111111111000000000001100000000110000000011000001100000011000000011000000000011000011000011000011111110000000001100000011000000000000000000000000000000000000000000000000000000000000000000000000000000000000000000000000000000000000000000000000000000000000000
0000000000000111111100000000000000011100000000000000110000000110000011000110001100000000000110011001101100001100001100111000000011000001100000011000000000000000000001100000000110000000011000001100000011000000011000000000011000011000011000011000110000000001100000011000000000000000000000000000000000000000000000000000000000000000000000000000000000000000000000000000000000000000000000000000000000000000
0000000000000100000110000000000000011100000000000000011000001100000011000110001111000000000110011001101100001100001100111000000011000001100000011000000000000000000001100000000110000000011000001100000011111111111000000000011011111000011000011000110000000001100000011000000000000000000000000000000000000000000000000000000000000000000000000000000000000000000000000000000000000000000000000000000000000000
0000000000000000000110000000000000011100000000000000001111111000000011000110001100000000000110010001101100001100001100111000000011000001100000011111111111000000000001100000000110000000011000001100000011000000011000000000011000011000011000011000110000000001100000011000000000000000000000000000000000000000000000000000000000000000000000000000000000000000000000000000000000000000000000000000000000000000
0000000000000000000110000000000000011100000000000000000000000000000011111110001100000000000110010111101100001100001100111000000111000001100000000000000000000000000001100000000111100000011000001100000011000000011000001111111000011000011000011111110000000001111111111000000000000000000000000000000000000000000000000000000000000000000000000000000000000000000000000000000000000000000000000000000000000000
0000000000000000001100000000000000011111111111000011111111111111100000000000001100000000000110010001101100001100001100111000000111100001100001111111111111110000000001100000000110000000111100001100000011000000011000001100000000011000011000011000110000000001111111111000000000000000000000000000000000000000000000000000000000000000000000000000000000000000000000000000000000000000000000000000000000000000
0000000000000000111000000000000000000001110000000000000011100000000000000000000000000000000110010001101100001100001100111000001100100001100000000000000000000000000001100000000110000000110100001100000011111111111000001100000000011000011111111000110000000001100000011000000000000000000000000000000000000000000000000000000000000000000000000000000000000000000000000000000000000000000000000000000000000000
0000000000000001110000000000000000000001110000000000000011100000000000111111111100000000000110010001101100001100001100111000011100110001100000011111111111000000000001100000000110000001100110001100000000001110000000001100000011111000000000000000110000000001100000011000000000000000000000000000000000000000000000000000000000000000000000000000000000000000000000000000000000000000000000000000000000000000
0000000000000011100000000000000000000001110000000000111111111110000000000000001100000000000010010001101100000110011000111000111000011001100000000000000011000000000001111111100110000011000011001100000000001110000000001100000000011000000111000000110000000001100000011000000000000000000000000000000000000000000000000000000000000000000000000000000000000000000000000000000000000000000000000000000000000000
0000000000000111000000111000000000000001110000000000110000000110000000111111111100000000001111111101101100000011110000111000010000001101100000011111111111000000000000000000000110000110000001101100000000001110000000001111111100011000000111000000000000000001100000011000000000000000000000000000000000000000000000000000000000000000000000000000000000000000000000000000000000000000000000000000000000000000
0000000000000111111110111000000001111111111111110000110000000110000000110000000000000000000000000001101100000000000000111000000000000001100000011000000000000000000000000000000110000000000000001100001111111111111110000000000000011000000111000000000000000001100000011000000000000000000000000000000000000000000000000000000000000000000000000000000000000000000000000000000000000000000000000000000000000000
0000000000000111111110111000000000000000000000000000110000000110000000110000000000000000000000000001101100000000000000111000000000000001100000011000000000000000000000000000000110000000000000001100000000000000000000000000000000011000000111000000000000000000000000000000000000000000000000000000000000000000000000000000000000000000000000000000000000000000000000000000000000000000000000000000000000000000
0000000000000000000000000000000000000000000000000000111111111110000000111111111100000000000000000001101100000000000000111000000000000001100000011111111111000000000000000000000110000000000000001100000000000000000000000000000000011000000111111111110000000000000000000000000000000000000000000000000000000000000000000000000000000000000000000000000000000000000000000000000000000000000000000000000000000000
0000000000000000000000000000000000000000000000000000000000000000000000000000000000000000000000000000001100000000000000111000000000000001100000000000000000000000000000000000000110000000000000001100000000000000000000000000000000011000000000000000000000000000000000000000000000000000000000000000000000000000000000000000000000000000000000000000000000000000000000000000000000000000000000000000000000000000
0000000000000000000000000000000000000000000000000000000000000000000000000000000000000000000000000000000000000000000000000000000000000000000000000000000000000000000000000000000000000000000000000000000000000000000000000000000000000000000000000000000000000000000000000000000000000000000000000000000000000000000000000000000000000000000000000000000000000000000000000000000000000000000000000000000000000000
0000000000000000000000000000000000000000000000000000000000000000000000000000000000000000000000000000000000000000000000000000000000000000000000000000000000000000000000000000000000000000000000000000000000000000000000000000000000000000000000000000000000000000000000000000000000000000000000000000000000000000000000000000000000000000000000000000000000000000000000000000000000000000000000000000000000000000
0000000000000000000000000000000000000000000000000000000000000000000000000000000000000000000000000000000000000000000000000000000000000000000000000000000000000000000000000000000000000000000000000000000000000000000000000000000000000000000000000000000000000000000000000000000000000000000000000000000000000000000000000000000000000000000000000000000000000000000000000000000000000000000000000000000000000000
0000000000000000000000000000000000000000000000000000000000000000000000000000000000000000000000000000000000000000000000000000000000000000000000000000000000000000000000000000000000000000000000000000000000000000000000000000000000000000000000000000000000000000000000000000000000000000000000000000000000000000000000000000000000000000000000000000000000000000000000000000000000000000000000000000000000000000
0000000000000000000000000000000000000000000000000000000000000000000000000000000000000000000000000000000000000000000000000000000000000000000000000000000000000000000000000000000000000000000000000000000000000000000000000000000000000000000000000000000000000000000000000000000000000000000000000000000000000000000000000000000000000000000000000000000000000000000000000000000000000000000000000000000000000000
0000000000000000000000000000000000000000000000000000000000000000000000000000000000000000000000000000000000000000000000000000000000000000000000000000000000000000000000000000000000000000000000000000000000000000000000000000000000000000000000000000000000000000000000000000000000000000000000000000000000000000000000000000000000000000000000000000000000000000000000000000000000000000000000000000000000000000
0000000000000000000000000000000000000000000000000000000000000000000000000000000000000000000000000000000000000000000000000000000000000000000000000000000000000000000000000000000000000000000000000000000000000000000000000000000000000000000000000000000000000000000000000000000000000000000000000000000000000000000000000000000000000000000000000000000000000000000000000000000000000000000000000000000000000000
0000000000000000000000000000000000001111111111100000000000000000000000001100000110000000000000000110000000000000001100000000000000000000000000000000000000000111111111110000000000001110000000000000000000000000000000000000011011000000000000000000000000000000000000000000000000000000000000000000000000000000000000000000000000000000000000000000000000000000000000000000000000000000000000000000000000000000
0000000000000000000000000000000000000000111000000000011111111111000000001100000110000011111110000110000111111110001100000000000000000000000000000000000000000000000000110000000000001110000000000000011111111111000000011000011011000000001111100000000000000000000000000000000000000000000000000000000000000000000000000000000000000000000000000000000000000000000000000000000000000000000000000000000000000000
0000000000000001111000000000000000000001101100000000000000000011000000001100000110000000000110000110000110000111111100000000011111110000111100000000111100000111111111110000000000001110000000000000000000000011000000011000011011000000110000011000000000000000000000000000000000000000000000000000000000000000000000000000000000000000000000000000000000000000000000000000000000000000000000000000000000000000
0000000000000011111110000000000000000111000111000000000000000011000011111111110110000000000110000110000110000110001100000000011111110001111110000011111110000110000000000000000000001110000000000000000000000011000000011000011011000001100000001100000000000000000000000000000000000000000000000000000000000000000000000000000000000000000000000000000000000000000000000000000000000000000000000000000000000000
0000000000000010000110000000000000011100000001110000011111111111000000000000000110000000000110111110000110000110001100000000011000000011000010000111000010000110000000000000000000001110000000000000011111111111000000011000011011000001100000001100000000000000000000000000000000000000000000000000000000000000000000000000000000000000000000000000000000000000000000000000000000000000000000000000000000000000
0000000000000000000110000000000000000000111000000000011000000000000000011110000110000000000110000110000110000110001100000000011000000011000000000110000000000111111111110000000000001111111111100000011000000000000000011000011011000001100000001100000000000000000000000000000000000000000000000000000000000000000000000000000000000000000000000000000000000000000000000000000000000000000000000000000000000000
0000000000000000001110000000000000000000111000000000011000000000000000110001100110000011111110000110000110000111111100000000011000000011100000001100000000000000000000000000000000000000000000000000011000000000000000011011111011000001100000001100000000000000000000000000000000000000000000000000000000000000000000000000000000000000000000000000000000000000000000000000000000000000000000000000000000000000
0000000000000001111100000000000000111111111111111000011000000000000001100001100110000011000000000110000110000110001100000000011111100001111100001100000000011111111111111100000000000000000000000000011000000000000000011100011011000000110000011000000000000000000000000000000000000000000000000000000000000000000000000000000000000000000000000000000000000000000000000000000000000000000000000000000000000000
0000000000000001111100000000000000000000000000000000011111111111000001100001100111100011000000000110000111111110001100000000011111100000011110001100000000000000000000000000000000000000000000000000011111111111000000111100011011000000011111110000000000000000000000000000000000000000000000000000000000000000000000000000000000000000000000000000000000000000000000000000000000000000000000000000000000000000
0000000000000000001110000000000000000011111110000000000110001100000001100001100110000011000000111110000000000000001100000000011000000000000111001100000000000111111111110000000000111111111111111000000000000000000001100110011011000000011000110000000000000000000000000000000000000000000000000000000000000000000000000000000000000000000000000000000000000000000000000000000000000000000000000000000000000000
0000000000000000000110000000000000000110000011000000000110001100000000110001100110000011000000000110000001110000001100000000011000000000000011001110000000000000000000110000000000000000111000000000000000000000000011100111011011000000011000110000000000000000000000000000000000000000000000000000000000000000000000000000000000000000000000000000000000000000000000000000000000000000000000000000000000000000
0000000000000010000110011100000000001100000001100000000110001100000000011110000110000011111111000110000001110000000000000000011000000010000011000111000010000111111111110000000000000000111000000000000000000000000001000010011011000000011000110000000000000000000000000000000000000000000000000000000000000000000000000000000000000000000000000000000000000000000000000000000000000000000000000000000000000000
0000000000000011111100011100000000001100000001100001111111111111110000000000000110000000000000000110000001110000000000000000011111110011111110000011111110000110000000000000000000000000111000000001111111111111110000000000011011000111111111111111000000000000000000000000000000000000000000000000000000000000000000000000000000000000000000000000000000000000000000000000000000000000000000000000000000000000
0000000000000001111000011100000000000110000011000000000000000000000000000000000110000000000000000110000001110000000000000000011111110001111100000001111100000110000000000000000000000000111000000000000000000000000000000000011011000000000000000000000000000000000000000000000000000000000000000000000000000000000000000000000000000000000000000000000000000000000000000000000000000000000000000000000000000000
0000000000000000000000000000000000000011111110000000000000000000000000000000000110000000000000000110000001111111111100000000000000000000000000000000000000000111111111110000000000000000111000000000000000000000000000000000011011000000000000000000000000000000000000000000000000000000000000000000000000000000000000000000000000000000000000000000000000000000000000000000000000000000000000000000000000000000
0000000000000000000000000000000000000000000000000000000000000000000000000000000110000000000000000110000000000000000000000000000000000000000000000000000000000000000000000000000000000000111000000000000000000000000000000000011011000000000000000000000000000000000000000000000000000000000000000000000000000000000000000000000000000000000000000000000000000000000000000000000000000000000000000000000000000000
0000000000000000000000000000000000000000000000000000000000000000000000000000000000000000000000000000000000000000000000000000000000000000000000000000000000000000000000000000000000000000000000000000000000000000000000000000000000000000000000000000000000000000000000000000000000000000000000000000000000000000000000000000000000000000000000000000000000000000000000000000000000000000000000000000000000000000
0000000000000000000000000000000000000000000000000000000000000000000000000000000000000000000000000000000000000000000000000000000000000000000000000000000000000000000000000000000000000000000000000000000000000000000000000000000000000000000000000000000000000000000000000000000000000000000000000000000000000000000000000000000000000000000000000000000000000000000000000000000000000000000000000000000000000000
0000000000000000000000000000000000000000000000000000000000000000000000000000000000000000000000000000000000000000000000000000000000000000000000000000000000000000000000000000000000000000000000000000000000000000000000000000000000000000000000000000000000000000000000000000000000000000000000000000000000000000000000000000000000000000000000000000000000000000000000000000000000000000000000000000000000000000
0000000000000000000000000000000000000000000000000000000000000000000000000000000000000000000000000000000000000000000000000000000000000000000000000000000000000000000000000000000000000000000000000000000000000000000000000000000000000000000000000000000000000000000000000000000000000000000000000000000000000000000000000000000000000000000000000000000000000000000000000000000000000000000000000000000000000000
0000000000000000000000000000000000000000000000000000000000000000000000000000000000000000000000000000000000000000000000000000000000000000000000000000000000000000000000000000000000000000000000000000000000000000000000000000000000000000000000000000000000000000000000000000000000000000000000000000000000000000000000000000000000000000000000000000000000000000000000000000000000000000000000000000000000000000
0000000000000000000000000000000000000000000000000000000000000000000000000000000000000000000000000000000000000000000000000000000000000000000000000000000000000000000000000000000000000000000000000000000000000000000000000000000000000000000000000000000000000000000000000000000000000000000000000000000000000000000000000000000000000000000000000000000000000000000000000000000000000000000000000000000000000000
0000000000000000000000000000000000000000000000000000000000000000000000000000000000000000000000000000000000000000000000000000000000000000000000000000000000000000000000000000000000000000000000000000000000000000000000000000000000000000000000000000000000000000000000000000000000000000000000000000000000000000000000000000000000000000000000000000000000000000000000000000000000000000000000000000000000000000