0000000000000000000000000000000000000000000000000000000000000000000000000000000000000000000000000000000000000000000000000000000000000000000000000000000000000000000000000000000000000000000000000000000000000000
0000000000000000000000000000000000000000000000000000000000000000000000000000000000000000000000000000000000000000000000000000000000000000000000000000000000000000000000000000000000000000000000000000000000000000
0000000000000000000000000000000000000000000000000000000000000000000000000000000000000000000000000000000000000000000000000000000000000000000000000000000000000000000000000000000000000000000000000000000000000000
0000000000000000000000000000000000000000000000000000000000000000000000000000000000000000000000000000000000000000000000000000000000000000000000000000000000000000000000000000000000000000000000000000000000000000
0000000000000000000000000000000000000000000000000000000000000000000000000000000000000000000000000000000000000000000000000000000000000000000000000000000000000000000000000000000000000000000000000000000000000000
0000000000000000000000000000000000000000000000000000000000000000000000000000000000000000000000000000000000000000000000000000000000000000000000000000000000000000000000000000000000000000000000000000000000000000
0000000000000000000000000000000000000000000000000000000000000000000000000000000000000000000000000000000000000000000000000000000000000000000000000000000000000000000000000000000000000000000000000000000000000000
0000000000000000000000000000000000000000000000000000000000000000000000000000000000000000000000000111000000000000000000000000000000000000000000000000000000000000000000000000000000000000000000000000000000000000
0111111110000000000000000000000000000000000000000000000000000000000000000000000000000000000000000111000000000000000000000000000000000000000110000000000000000000000000000000000110000000000000000000000000110000
0111111111000000000000000000000000000000000000000000000000000000000000000000000000000000000000000111000000000000000000000000000000000000001110000000000000000000000000000000001110000000000000000000000001110000
0111111111100000000000000000000000000000000000000000000000000000000000000000000000000000000000000111000000000000000000000000000000000000001110000000000000000000000000000000001110000000000000000000000001110000
0111000111101110111000011111000001111000001111000000000000111110000111001110001110000011100000000111000011100001111100111000001110000000111111100000111110000000000000111100111111100001111100001110111111111100
0111000011101110111000111111100011111100011111100000000001111111000111011111001110000011100000000111000111000011111110111000001110000000111111100011111111100000000001111110111111100011111110001110111111111100
0111000011101111111001110001110111000100111000100000000001111111100111111111100111000111000000000111001110000111000111011100011100000000111111100011111111100000000011100010111111100011111111001111111111111100
0111000111101111000011100001110111000000111000000000000001000011100111100111100111000111000000000111011100001110000111011100011100000000001110000111100011110000000011100000001110000010000111001111000001110000
0111111111001110000011111111110111100000111100000000000000000011100111000011100011000110000000000111111000001111111111001100011000000000001110000111000001110000000011110000001110000000000111001110000001110000
0111111111001110000011111111110011111000011111000000000000111111100111000011100011101110000000000111111000001111111111001110111000000000001110000111000001110000000001111100001110000001111111001110000001110000
0111111100001110000011100000000001111110001111110000000011111111100111000011100001101110000000000111111100001110000000000110111000000000001110000111000001110000000000111111001110000111111111001110000001110000
0111000000001110000011110000100000001110000001110000000011100011100111000011100001101100000000000111011110001111000010000110110000000000001110000111100011110000000000000111001110000111000111001110000001110000
0111000000001110000001111111100100001110100001110000000011100111100111000011100001111100000000000111001111000111111110000111110000000000001111100011111111100000000010000111001111100111001111001110000001111100
0111000000001110000001111111100111111100111111100000000011111111100111000011100000111000000000000111000111100111111110000011100000000000001111100011111111000000000011111110001111100111111111001110000001111100
0111000000001110000000011111000111111000111111000000000001111011100111000011100000111000000000000111000011110001111100000011100000000000000111100000111110000000000011111100000111100011110111001110000000111100
0000000000000000000000000000000000000000000000000000000000000000000000000000000000111000000000000000000000000000000000000011100000000000000000000000000000000000000000000000000000000000000000000000000000000000
0000000000000000000000000000000000000000000000000000000000000000000000000000000001110000000000000000000000000000000000000111000000000000000000000000000000000000000000000000000000000000000000000000000000000000
0000000000000000000000000000000000000000000000000000000000000000000000000000001111110000000000000000000000000000000000111111000000000000000000000000000000000000000000000000000000000000000000000000000000000000
0000000000000000000000000000000000000000000000000000000000000000000000000000001111100000000000000000000000000000000000111110000000000000000000000000000000000000000000000000000000000000000000000000000000000000
0000000000000000000000000000000000000000000000000000000000000000000000000000001111000000000000000000000000000000000000111100000000000000000000000000000000000000000000000000000000000000000000000000000000000000
0000000000000000000000000000000000000000000000000000000000000000000000000000000000000000000000000000000000000000000000000000000000000000000000000000000000000000000000000000000000000000000000000000000000000000
0000000000000000000000000000000000000000000000000000000000000000000000000000000000000000000000000000000000000000000000000000000000000000000000000000000000000000000000000000000000000000000000000000000000000000
0000000000000000000000000000000000000000000000000000000000000000000000000000000000000000000000000000000000000000000000000000000000000000000000000000000000000000000000000000000000000000000000000000000000000000
0000000000000000000000000000000000000000000000000000000000000000000000000000000000000000000000000000000000000000000000000000000000000000000000000000000000000000000000000000000000000000000000000000000000000000
0000000000000000000000000000000000000000000000000000000000000000000000000000000000000000000000000000000000000000000000000000000000000000000000000000000000000000000000000000000000000000000000000000000000000000