000000000000000000000000000000000000000000000000000000000000000000000000000000000000000000000000000000000000000000000000000000000000000000000000000000000000000000000000000000000000000000000000
000000000000000000000000000000000000000000000000000000000000000000000000000000000000000000000000000000000000000000000000000000000000000000000000000000000000000000000000000000000000000000000000
000000000000000000000000000000000000000000000000000000000000000000000000000000000000000000000000000000000000000000000000000000000000000000000000000000000000000000000000000000000000000000000000
000000000000000000000000000000000000000000000000000000000000000000000000000000000000000000000000000000000000000000000000000000000000000000000000000000000000000000000000000000000000000000000000
000000000000000000000000000000000000000000000000000000000000000000000000000000000000000000000000000000000000000000000000000000000000000000000000000000000000000000000000000000000000000000000000
000000000000000000000000000000000000000000000000000000000000000000000000000000000000000000000000000000000000000000000000000000000000000000000000000000000000000000000000000000000000000000000000
000000000000000000000000000000000000000000000000000000000000000000000000000000000000000000000000000000000000000000000000000000000000000000000000000000000000000000000000000000000000000000000000
000000000000000000000000000000000000000000000000000000000000000000000000000000000000000000000000000000000000000000000000000000000000000000000000000000000000000000000000000000000000000000000000
000000000000000000000000000000000000000000000000000000000000000000000000000000000000000000000000000000000000000000000000000000000000000000000000000000000000000000000000000000000000000000000000
000000000000000000000000000000000000000000001111111111111000111111111111111000111111111111100001111111111100000111111110000011111110000011111000001110000001100000000000000000000000000000000000
000000000000000000000000000000000000000001111111111111111000111111111111111000111111111111100001111111111100000111111110000011111110000011111000001110000001100000000000000000000000000000000000
000000000000000000000000000000000000000111111111111111111000111111111111111000111111111111100001111111111100000111111110000011111110000011111000001110000001100000000000000000000000000000000000
000000000000000000000000000000000000001111111111111111111000111111111111111000111111111111100001111111111100000111111110000011111110000011111000001110000001100000000000000000000000000000000000
000000000000000000000000000000000000011111111111111111111000111111111111111000111111111111100001111111111100000111111110000011111110000011111000001110000001100000000000000000000000000000000000
000000000000000000000000000000000000111111111111111111111000111111111111111000111111111111100001111111111100000111111110000011111110000011111000001110000001100000000000000000000000000000000000
000000000000000000000000000000000000111111111111111111111000111111111111111000111111111111100001111111111100000111111110000011111110000011111000001110000001100000000000000000000000000000000000
000000000000000000000000000000000000111111111111111111111000111111111111111000111111111111100001111111111100000111111110000011111110000011111000001110000001100000000000000000000000000000000000
000000000000000000000000000000000000111111111111111111111000111111111111111000111111111111100001111111111100000111111110000011111110000011111000001110000001100000000000000000000000000000000000
000000000000000000000000000000000000111111111111111111111000111111111111111000111111111111100001111111111100000111111110000011111110000011111000001110000001100000000000000000000000000000000000
000000000000000000000000000000000000111111111111111111111000111111111111111000111111111111100001111111111100000111111110000011111110000011111000001110000001100000000000000000000000000000000000
000000000000000000000000000000000000111111111111111111111000111111111111111000111111111111100001111111111100000111111110000011111110000011111000001110000001100000000000000000000000000000000000
000000000000000000000000000000000000111111111111111111111000111111111111111000111111111111100001111111111100000111111110000011111110000011111000001110000001100000000000000000000000000000000000
000000000000000000000000000000000000111111111111111111111000111111111111111000111111111111100001111111111100000111111110000011111110000011111000001110000001100000000000000000000000000000000000
000000000000000000000000000000000000111111111111111111111000111111111111111000111111111111100001111111111100000111111110000011111110000011111000001110000001100000000000000000000000000000000000
000000000000000000000000000000000000111111111111111111111000111111111111111000111111111111100001111111111100000111111110000011111110000011111000001110000001100000000000000000000000000000000000
000000000000000000000000000000000000100011111111111111111000111111111111111000111111111111100001111111111100000111111110000011111110000011111000001110000001100000000000000000000000000000000000
000000000000000000000000000000000000100001111111111111111000111111111111111000111111111111100001111111111100000111111110000011111110000011111000001110000001100000000000000000000000000000000000
000000000000000000000000000000000000100000011111111111111000111111111111111000111111111111100001111111111100000111111110000011111110000011111000001110000001100000000000000000000000000000000000
000000000000000000000000000000000000100000011100111111111000111111111111111000111111111111100001111111111100000111111110000011111110000011111000001110000001100000000000000000000000000000000000
000000000000000000000000000000000000100000011100000111111000111111111111111000111111111111100001111111111100000111111110000011111110000011111000001110000001100000000000000000000000000000000000
000000000000000000000000000000000000100000011100000011111000111111111111111000111111111111100001111111111100000111111110000011111110000011111000001110000001100000000000000000000000000000000000
000000000000000000000000000000000000100000011100000011110000011111111111111000111111111111100001111111111100000111111110000011111110000011111000001110000001100000000000000000000000000000000000
000000000000000000000000000000000000100000011100000011110000001111111111111000111111111111100001111111111100000111111110000011111110000011111000001110000001100000000000000000000000000000000000
000000000000000000000000000000000000100000011100000011110000001111110001111000111111111111100001111111111100000111111110000011111110000011111000001110000001100000000000000000000000000000000000
000000000000000000000000000000000000100000011100000011110000001111110000011000111111111111100001111111111100000111111110000011111110000011111000001110000001100000000000000000000000000000000000
000000000000000000000000000000000000100000011100000011110000001111110000011111111111111111100001111111111100000111111110000011111110000011111000001110000001100000000000000000000000000000000000
000000000000000000000000000000000000100000011100000011110000001111110000011111111000011111100001111111111100000111111110000011111110000011111000001110000001100000000000000000000000000000000000
000000000000000000000000000000000000100000011100000011110000001111110000011111111000001111100001111111111100000111111110000011111110000011111000001110000001100000000000000000000000000000000000
000000000000000000000000000000000000100000011100000011110000001111110000011111111000001111111001111111111100000111111110000011111110000011111000001110000001100000000000000000000000000000000000
000000000000000000000000000000000000100000011100000011110000001111110000011111111000001111111111100111111100000111111110000011111110000011111000001110000001100000000000000000000000000000000000
000000000000000000000000000000000000100000011100000011110000001111110000011111111000001111111111100001111100000111111110000011111110000011111000001110000001100000000000000000000000000000000000
000000000000000000000000000000000000100000011100000011110000001111110000011111111000001111111111100001111110000111111110000011111110000011111000001110000001100000000000000000000000000000000000
000000000000000000000000000000000000100000011100000011110000001111110000011111111000001111111111100001111111111111111110000011111110000011111000001110000001100000000000000000000000000000000000
000000000000000000000000000000000000100000011100000011110000001111110000011111111000001111111111100001111111111111000110000011111110000011111000001110000001100000000000000000000000000000000000
000000000000000000000000000000000000100000011100000011110000001111110000011111111000001111111111100001111111111111000111100011111110000011111000001110000001100000000000000000000000000000000000
000000000000000000000000000000000000100000011100000011110000001111110000011111111000001111111111100001111111111111000111111111111110000011111000001110000001100000000000000000000000000000000000
000000000000000000000000000000000000100000011100000011110000001111110000011111111000001111111111100001111111111111000111111111111110000011111000001110000001100000000000000000000000000000000000
000000000000000000000000000000000000100000011100000011110000001111110000011111111000001111111111100001111111111111000111111111111111000011111000001110000001100000000000000000000000000000000000
000000000000000000000000000000000000100000011100000011110000001111110000011111111000001111111111100001111111111111000111111111111111000111111000001110000001100000000000000000000000000000000000
000000000000000000000000000000000000100000011100000011110000001111110000011111111000001111111111100001111111111111000111111111111111000111111111001110000001100000000000000000000000000000000000
000000000000000000000000000000000000100000011100000011110000001111110000011111111000001111111111100001111111111111000111111111111111000111111111111110000001100000000000000000000000000000000000
000000000000000000000000000000000000100000011100000011110000001111110000011111111000001111111111100001111111111111000111111111111111000111111111111111000001100000000000000000000000000000000000
000000000000000000000000000000000000100000011100000011110000001111110000011111111000001111111111100001111111111111000111111111111111000111111111111111110001100000000000000000000000000000000000
000000000000000000000000000000000000100000011100000011110000001111110000011111111000001111111111100001111111111111000111111111111111000111111111111111111101100000000000000000000000000000000000
000000000000000000000000000000000000100000011100000011110000001111110000011111111000001111111111100001111111111111000111111111111111000111111111111111111111100000000000000000000000000000000000
000000000000000000000000000000000000100000011100000011110000001111110000011111111000001111111111100001111111111111000111111111111111000111111111111111111111100000000000000000000000000000000000
000000000000000000000000000000000000100000011100000011110000001111110000011111111000001111111111100001111111111111000111111111111111000111111111111111111111100000000000000000000000000000000000
000000000000000000000000000000000000100000011100000011110000001111110000011111111000001111111111100001111111111111000111111111111111000111111111111111111111100000000000000000000000000000000000
000000000000000000000000000000000000100000011100000011110000001111110000011111111000001111111111100001111111111111000111111111111111000111111111111111111111100000000000000000000000000000000000
000000000000000000000000000000000000100000011100000011110000001111110000011111111000001111111111100001111111111111000111111111111111000111111111111111111111100000000000000000000000000000000000
000000000000000000000000000000000000100000011100000011110000001111110000011111111000001111111111100001111111111111000111111111111111000111111111111111111111100000000000000000000000000000000000
000000000000000000000000000000000000100000011100000011110000001111110000011111111000001111111111100001111111111111000111111111111111000111111111111111111111000000000000000000000000000000000000
000000000000000000000000000000000000100000011100000011110000001111110000011111111000001111111111100001111111111111000111111111111111000111111111111111111111000000000000000000000000000000000000
000000000000000000000000000000000000100000011100000011110000001111110000011111111000001111111111100001111111111111000111111111111111000111111111111111111111000000000000000000000000000000000000
000000000000000000000000000000000000100000011100000011110000001111110000011111111000001111111111100001111111111111000111111111111111000111111111111111111110000000000000000000000000000000000000
000000000000000000000000000000000000100000011100000011110000001111110000011111111000001111111111100001111111111111000111111111111111000111111111111111111110000000000000000000000000000000000000
000000000000000000000000000000000000100000011100000011110000001111110000011111111000001111111111100001111111111111000111111111111111000111111111111111111000000000000000000000000000000000000000
000000000000000000000000000000000000100000011100000011110000001111110000011111111000001111111111100001111111111111000111111111111111000111111111111111110000000000000000000000000000000000000000
000000000000000000000000000000000000100000011100000011110000001111110000011111111000001111111111100001111111111111000111111111111111000111111111111110000000000000000000000000000000000000000000
000000000000000000000000000000000000000000000000000000000000000000000000000000000000000000000000000000000000000000000000000000000000000000000000000000000000000000000000000000000000000000000000
000000000000000000000000000000000000000000000000000000000000000000000000000000000000000000000000000000000000000000000000000000000000000000000000000000000000000000000000000000000000000000000000
000000000000000000000000000000000000000000000000000000000000000000000000000000000000000000000000000000000000000000000000000000000000000000000000000000000000000000000000000000000000000000000000
000000000000000000000000000000000000000000000000000000000000000000000000000000000000000000000000000000000000000000000000000000000000000000000000000000000000000000000000000000000000000000000000
000000000000000000000000000000000000000000000000000000000000000000000000000000000000000000000000000000000000000000000000000000000000000000000000000000000000000000000000000000000000000000000000
000000000000000000000000000000000000000000000000000000000000000000000000000000000000000000000000000000000000000000000000000000000000000000000000000000000000000000000000000000000000000000000000
000000000000000000000000000000000000000000000000000000000000000000000000000000000000000000000000000000000000000000000000000000000000000000000000000000000000000000000000000000000000000000000000
000000000000000000000000000000000000000000000000000000000000000000000000000000000000000000000000000000000000000000000000000000000000000000000000000000000000000000000000000000000000000000000000
000000000000000000000000000000000000000000000000000000000000000000000000000000000000000000000000000000000000000000000000000000000000000000000000000000000000000000000000000000000000000000000000
000000000000000000000000000000000000000000000000000000000000000000000000000000000000000000000000000000000000000000000000000000000000000000000000000000000000000000000000000000000000000000000000
000000000000000000000000000000000000000000000000000000000000000000000000000000000000000000000000000000000000000000000000000000000000000000000000000000000000000000000000000000000000000000000000
000000000000000000000000000000000000000000000000000000000000000000000000000000000000000000000000000000000000000000000000000000000000000000000000000000000000000000000000000000000000000000000000
000000000000000000000000000000000000000000000000000000000000000000000000000000000000000000000000000000000000000000000000000000000000000000000000000000000000000000000000000000000000000000000000
000000000000000000000000000000000000000000000000000000000000000000000000000000000000000000000000000000000000000000000000000000000000000000000000000000000000000000000000000000000000000000000000
000000000000000000000000000000000000000000000000000000000000000000000000000000000000000000000000000000000000000000000000000000000000000000000000000000000000000000000000000000000000000000000000
000000000000000000000000000000000000000000000000000000000000000000000000000000000000000000000000000000000000000000000000000000000000000000000000000000000000000000000000000000000000000000000000
000000000000000000000000000000000000000000000000000000000000000000000000000000000000000000000000000000000000000000000000000000000000000000000000000000000000000000000000000000000000000000000000
000000000000000000000000000000000000000000000000000000000000000000000000000000000000000000000000000000000000000000000000000000000000000000000000000000000000000000000000000000000000000000000000
000000000000000000000000000000000000000000000000000000000000000000000000000000000000000000000000000000000000000000000000000000000000000000000000000000000000000000000000000000000000000000000000
000000000000000000000000000000000000000000001111000000000000000000000000000000000000000000000000000000000000000000000000000000000000000000000111100000000000000000000000000000000000000000000000
000000000000000000000000000000000000000000001111000000000000000000000000000000000000000000000000000000000000000000000000000000000000000000000111100000000000000000000000000000000000000000000000
000000000000000111100000000111000000000000111111110000000000000001111000000001111000000111111111111000111100000011111111001111001110000011111111111111001110000000011111111111111111000000000000
000000000000000111100000000111000000000001111111111000000000000001111000000001110000000111111111111000111100000011111111001111001110000011111111111111001110000000011111111111111111000000000000
000000000000000111100000000111000000000011110000111100000000000001111000000001110000000111111111111000111100000011111111001111001110000001111111111111001110000000011111111111111111000000000000
000000000000000111100000000111000000000011100000011100000000000001111000000001110000000000000000111000111100000011110000001111001110000000111111111100001110000000000000000000001111000000000000
000000000000000111100000000111000000000011100000011100000000000001111000000001110000000000000000111000111100000011110000001111001110000000111111111100001110000000000000000000001111000000000000
000000000000001111100000000111000000000011100000011100000000000001111000000001110000000111111111111000111100000011110000001111011110000001111000011110001111110000000000000000001111000000000000
000000000000001111110001111111000000000011110000111000000000000011111100000001110000000111111111111000111100000011110000001111111110000001110000001110001111110000000000000000001111000000000000
000000000000001111110001111111000000000001111111111000000000000011111100000001110000000111111111111000111100000011110000001111111110000001110000001110001111110000000000000000001111000000000000
000000000000011111111001111111000000111101111111111011110000000111111110000001110000000111000000000000111100000011110000001111111110000001111000001110001110000000000000000000001111000000000000
000000000000011100111000000111000001111111111111111111110000000111001110000001110000000111000000000000111100000011110000001111001110000001111000011110001110000000000000000000001111000000000000
000000000000111100111000000111000001111111111111111111111000001111001110000001110000000111111111111111111100000011110000001111001110000000111111111100001110000000000000000000001111000000000000
000000000000111100111100000111000000000000001111000000000000001111001111000001110000000111111111111111111100000011110000001111001110000000011111111000001110000000000000000000001111000000000000
000000000000111000011100000111000000000000001111000000000000001110000111000001110000000111111111111111111100000011110000001111001110000000000111100000001110000000001111001110001111000000000000
000000000001111000011110000111000000000000001111000000000000011110000111100001110000000000000000000000111100000011110000001111001110000000000000000000001110000000001111001110001111000000000000
000000000001110000011110000111000000011111111111111111000000011100000111100001110000000000000000000000111100000011111111111111001110000000000000000000001110000000001111001110001111000000000000
000000000011110000001110000111000000011111111111111111000000111100000011100001110000000000111000000000111100000011111111111111001110000000011111111111111110000000001111001110001111000000000000
000000000011110000001111000111000000000000000000000111000000111100000011110001110000000001111000000000111100000011111111111111001110000000011111111111111110000000001111001110001111000000000000
000000000010100000000111000111000000000000000000000111000000111000000001110001110000000001111111111111111100000011100001011111001110000000011111111111111110000000001111001110001111000000000000
000000000000000000000000000111000000011111111111111111000000000000000000000001110000000001111111111111111100000000000000001111001110000000000000000000011110000000001111001110001111000000000000
000000000000000000000000000111000000011111111111111111000000000000000000000001110000000001111111111111111100000000000000001111001110000000000000000000001110000000001111001110001111000000000000
000000000000000000000000000111000000011110000000000000000000000000000000000001110000000001111000000000111100000000000000001111001110000000000000000000001110000000001111001111001111000000000000
000000000000000000000000000111000000011110000000000000000000000000000000000001110000000001111000000000111100000000000000001111001110000000000000000000001110000000111111111111111111110000000000
000000000000000000000000000111000000011111111111111111000000000000000000000001110000000001111111111111111100000000000000001111001110000000000000000000001110000000111111111111111111110000000000
000000000000000000000000000111000000011111111111111111000000000000000000000001110000000001111111111111111100000000000000001111001110000000000000000000001110000000111111111111111111110000000000
000000000000000000000000000111000000001111111111111111000000000000000000000001110000000000111111111111111100000000000000001111001110000000000000000000001110000000000000000000000000000000000000
000000000000000000000000000000000000000000000000000000000000000000000000000000000000000000000000000000000000000000000000000000000000000000000000000000000000000000000000000000000000000000000000
000000000000000000000000000000000000000000000000000000000000000000000000000000000000000000000000000000000000000000000000000000000000000000000000000000000000000000000000000000000000000000000000
000000000000000000000000000000000000000000000000000000000000000000000000000000000000000000000000000000000000000000000000000000000000000000000000000000000000000000000000000000000000000000000000
000000000000000000000000000000000000000000000000000000000000000000000000000000000000000000000000000000000000000000000000000000000000000000000000000000000000000000000000000000000000000000000000
000000000000000000000000000000000000000000000000000000000000000000000000000000000000000000000000000000000000000000000000000000000000000000000000000000000000000000000000000000000000000000000000
000000000000000000000000000000000000000000000000000000000000000000000000000000000000000000000000000000000000000000000000000000000000000000000000000000000000000000000000000000000000000000000000
000000000000000000000000000000000000000000000000000000000000000000000000000000000000000000000000000000000000000000000000000000000000000000000000000000000000000000000000000000000000000000000000
000000000000000000000000000000000000000000000000000000000000000000000000000000000000000000000000000000000000000000000000000000000000000000000000000000000000000000000000000000000000000000000000
000000000000000000000000000000000000000000000000000000000000000000000000000000000000000000000000000000000000000000000000000000000000000000000000000000000000000000000000000000000000000000000000
000000000000000000000000000000000000000000000000000000010000000000000000110000000000000000000100000000000000000011100000000000000000000001100000000010000000111000000000000000000000000000000000
000000000001100001000011100001100001100011000011000111110000111111000001111000001100011111100011001110000000001111111000001111100000000111110000011110000011111110000110000110000110000000000000
000000000001100001000011110001100001100011100011000111000000110011000011000000001100001110000011101100000000011100011100001100000000000110000000011000000111000110000110000110000110000000000000
000000000001100001000011111001100001100001100110000110000000110011000011100000001000000110000001111000000000011000001100001100000000000111000000011000000110000011000110000110000110000000000000
000000000001100001100011011001100001100001100110000111110000110111000011111000001100000110000000111000000000011000001100001111000000000111110000011110000110000011000110000110000110000000000000
000000000001100011000011001101100001100000111100000111110000111110000000111100001100000110000000110000000000011000001100001111000000000001111000011110000110000011000110000110000110000000000000
000000000001100011000011000111100001100000111100000110000000110110000000001100001100000110000000110000000000011000001100001100000000000000011000011000000110000111000111000110000110000000000000
000000000001110011000011000111100001100000011100000111000000110111000010001100001100000110000000110000000000011110111100001100000000000100011000011000000111101110000011001110000110000000000000
000000000000111111000011000011100001100000011000000111110000110011100011111000011100000110000000110000000000001111111000001100000000000111110000011110000011111100000011111100000111110000000000
000000000000001000000000000000000000000000000000000000000000000000000000100000000000000000000000000000000000000011100000000000000000000001000000000000000000110000000000010000000000000000000000
000000000000000000000000000000000000000000000000000000000000000000000000000000000000000000000000000000000000000000000000000000000000000000000000000000000000000000000000000000000000000000000000
000000000000000000000000000000000000000000000000000000000000000000000000000000000000000000000000000000000000000000000000000000000000000000000000000000000000000000000000000000000000000000000000
000000000000000000000000000000000000000000000000000000000000000000000000000000000000000000000000000000000000000000000000000000000000000000000000000000000000000000000000000000000000000000000000
000000000000000000000000000000000000000000000000000000000000000000000000000000000000000000000000000000000000000000000000000000000000000000000000000000000000000000000000000000000000000000000000
000000000000000000000000000000000000000000000000000000000000000000000000000000000000000000000000000000000000000000000000000000000000000000000000000000000000000000000000000000000000000000000000
000000000000000000000000000000000000000000000000000000000000000000000000000000000000000000000000000000000000000000000000000000000000000000000000000000000000000000000000000000000000000000000000
000000000000000000000000000000000000000000000000000000000000000000000000000000000000000000000000000000000000000000000000000000000000000000000000000000000000000000000000000000000000000000000000
000000000000000000000000000000000000000000000000000000000000000000000000000000000000000000000000000000000000000000000000000000000000000000000000000000000000000000000000000000000000000000000000
000000000000000000000000000000000000000000000000000000000000000000000000000000000000000000000000000000000000000000000000000000000000000000000000000000000000000000000000000000000000000000000000
000000000000000000000000000000000000000000000000000000000000000000000000000000000000000000000000000000000000000000000000000000000000000000000000000000000000000000000000000000000000000000000000

