00000000000000000000000000000000000000000000000000000000000000000000000000000000000000000000000000000000000000000000000000000000000000000000000000000000000000000000000000000000000000000000000000000000000000000000000000000000000000000000000000000000000000000000000000000000000000000000000000000000000000000000000000000000
00000000000000001100000011111111111111000000000000000000110000000000000000011100000000011000000110000000011000000001100000000000000011111100000000111110000000000011100000011111111111100000111110000000001111110000000011111000000000111110000001111111111110000011111100000000000000000110000000110000000000111111000000000000
00001111111110001100000011111111111111000000000000000000110000000000000000011100000000011000000110000000011000000001100000000000000111111111000001111111100000000011100000011111111111100001111111100000011111111100000111111110000001111111100001111111111110000111111111000000000000000110000000110000000011111111110000000000
00001111111100001100000000000000000000000001111111111000110000011111111110011100001111111111110110000000011111111111100000000000001111111111000011111111110000000111100000011111111111100011111111110000111111111100001111111111000011111111110001111111111110001111111111000000000000000110000000110000000111000000111000000000
00000000011100001100000000111000011100000001111111111000110000011111111110011100001111111111110110000000011111111111100000000000011110000111100011100001110000001111100000000000000111100111100001110001111000011110001110000111000011100001110000000000011110011110000111100000000011111111111100110000000110000000011000000000
00011111111100001100000000011000011000000001110000000000110000000000000110011100000000000000000110000000011000000001100000000000011100000011100011100001110000011111100000000000001111000111000000110001110000001110001110000111000011100001110000000000111100011100000011100000000011111111111100110000000110000000011000000000
00011111111011111100000000011000011000000001110000000000110000000000000110011100000001111110000110000000011000000001100000000000011100000011100111000000111000111111100000000000011110000111000000111001110000001110011100000011100111000000111000000001111000011100000011100000000000000000000000110000000111000000111000000000
00000001110011111100000011111111111111000001110000000000110000000000000110011100000011111111100111110000011111111111100000000000000000000011100111000000111000111011100000000000011100000111000000111000000000001110011100000011100111000000111000000001110000000000000011100000000000011111000000110000000011111111110000000000
00000011100000001100000011111111111111000001111111100111110000000011000110011100000111000011100111110000011111111111100000000000000000000111100111000000111000100011100000000000111100000111100001111000000000011110011100000011100111000000111000000011110000000000000111100000000000111111110000110000000000111111000000000000
00001111000000001100000000000000000000000001111111100111110000000011001110011111100111000011100110000000000000000000000000000000000000001111000111000000111000000011100000000000111000000011111111111000000000111100011100000011100111000000111000000011100000000000001111000000000001110000110111110000000000000000000000000000
00011110000000001100000000000000000000000001110000000000110000000011001110011111100011111111100110000000000000000000000000000000000000011110000111000000111000000011100000000000111000000001111111111000000001111000011100000011100111000000111000000011100000000000011110000000000001110000111111110000111111111111111111000000
00001000000000000000001111111111111111110001110000000000110000000011001110011100000001111110000110000011111111111111111100000000000000111100000111000000111000000011100000000001110000000000111110111000000011110000011100000011100111000000111000000111000000000000111100000000000001100000111000110000111111111111111111000000
00000011111111111100001111111111111111110001110000000000110000000011000000011100000000000000000000000011111111111111111100000000000001111000000111000000111000000011100000000001110000000000000000111000000111100000011100000011100111000000111000000111000000000001111000000000000001110000110000110000000000110001100000000000
00000011111111111100000000111000011100000001111111111100110000000011000000011100000001111111111110000000000000110000000000000000000011110000000111000000111000000011100000000001110000000000000000111000001111000000011100000011100111000000111000000111000000000011110000000000000000111111110000110000000000110001100000000000
00000011100000001100000000111000011100000001111111111100110000111111111111111100000001111111111110000000000000110000000000000000000111100000000111100001110000000011100000000001110000000111000001110000011110000000011110000111000111100001110000000111000000000111100000000000000000011111000000110000000110110001100000000000
00000011100000001100000000111000011100000000000000000000110000111111111111111100000000000000000110000000000000110000000000000000001111000000000011100001110000000011100000000011100000000111100011110000111100000000001110000111000011100001110000001110000000001111000000000000000000000000000000110000000110110001100000000000
00000011100000001100000000111000011100000000000000000000110000000000000000011100000000000000000110000000000000110000000000000000001111111111100011111111110000000011100000000011100000000011111111100000111111111110001111111111000011111111110000001110000000001111111111100000000000000000000000110000000110000000000000000000
00000011111111111100000000111000011100000000000000000000110000000000000000011100000000000000000110000000000000110000000000000000011111111111100001111111100000000011100000000011100000000011111111000001111111111110000111111110000001111111100000001110000000011111111111100000000000000000000000110000000111111111111000000000
00000011111111111100000000111000011100000000000000000000110000000000000000011100000000000000000110000000000000110000000000000000011111111111100000011111000000000011100000000011100000000000111110000001111111111110000001111100000000011111000000001110000000011111111111100000000000000000000000110000000111111111111000000000
00000000000000000000000000000000000000000000000000000000000000000000000000000000000000000000000000000000000000000000000000000000000000000000000000000000000000000000000000000000000000000000000000000000000000000000000000000000000000000000000000000000000000000000000000000000000000000000000000000000000000000000000000000000
00000000000000000000000000000000000000000000000000000000000000000000000000000000000000000000000000000000000000000000000000000000000000000000000000000000000000000000000000000000000000000000000000000000000000000000000000000000000000000000000000000000000000000000000000000000000000000000000000000000000000000000000000000000
00000000000000000000000000000000000000000000000000000000000000000000000000000000000000000000000000000000000000000000000000000000000000000000000000000000000000000000000000000000000000000000000000000000000000000000000000000000000000000000000000000000000000000000000000000000000000000000000000000000000000000000000000000000
00000000000000000000000000000000000000000000000000000000000000000000000000000000000000000000000000000000000000000000000000000000000000000000000000000000000000000000000000000000000000000000000000000000000000000000000000000000000000000000000000000000000000000000000000000000000000000000000000000000000000000000000000000000
00000000000000000000000000000000000000000000000000000000000000000000000000000000000000000000000000000000000000000000000000000000000000000000000000000000000000000000000000000000000000000000000000000000000000000000000000000000000000000000000000000000000000000000000000000000000000000000000000000000000000000000000000000000
00000000000000000000000000000000000000000000000000000000000000000000000000000000000000000000000000000000000000000000000000000000000000000000000000000000000000000000000000000000000000000000000000000000000000000000000000000000000000000000000000000000000000000000000000000000000000000000000000000000000000000000000000000000
00000000000000000000000000000000000000000000000000000000000000000000000000000000000000000000000000000000000000000000000000000000000000000000000000000000000000000000000000000000000000000000000000000000000000000000000000000000000000000000000000000000000000000000000000000000000000000000000000000000000000000000000000000000
00000000000000000000000000000000000000000000000000000000000000000000000000000000000000000000000000000000000000000000000000000000000000000000000000000000000000000000000000000000000000000000000000000000000000000000000000000000000000000000000000000000000000000000000000000000000000000000000000000000000000000000000000000000
00000000000000000000000000000000000000000000000000000000000000000000000000000000000000000000000000000000000000000000000000000000000000000000000000000000000000000000000000000000000000000000000000000000000000000000000000000000000000000000000000000000000000000000000000000000000000000000000000000000000000000000000000000000
00000000000000000000000000000000000000000000000000000000000000000000000000000000000000000000000000000000000000000000000000000000000000000000000000000000000000000000000000000000000000000000000000000000000000000000000000000000000000000000000000000000000000000000000000000000000000000000000000000000000000000000000000000000
00000000000000000000000000000000000000000000000000000000000000000000000000000000000000000000000000000000000000000000000000000000000000000000000000000000000000000000000000000000000000000000000000000000000000000000000000000000000000000000000000000000000000000000000000000000000000000000000000000000000000000000000000000000
00000000000000000000000000000000000000000000000000000000000000000000000000000000000000000000000000000000000000000000000000000000000000000000000000000000000000000000000000000000000000000000000000000000000000000000000000000000000000000000000000000000000000000000000000000000000000000000000000000000000000000000000000000000
00000000000000000000000000000000000000000000000000000000000000000011111111000000000000000000000000000000000000000000000000000000000000000000000000000000000000111000000000000000000000000000000000001100000000000000000000000000000011000000000000000000000110000000000000000000000000000000000000000000000000000000000000000000
00000000000000000000000000000000000000000000000000000000000000000011111111100000000000000000000000000000000000000000000000000000000000000000000000000000000000111000000000000000000000000000000000011100000000000000000000000000000111000000000000000000001110000000000000000000000000000000000000000000000000000000000000000000
00000000000000000000000000000000000000000000000000000000000000000011111111110000000000000000000000000000000000000000000000000000000000000000000000000000000000111000000000000000000000000000000000011100000000000000000000000000000111000000000000000000001110000000000000000000000000000000000000000000000000000000000000000000
00000000000000000000000000000000000000000000000000000000000000000011100001110011101100011111000001111110000111111000000000011111000111011110011100000111000000111000111000111110001110000011100000111111000111110000000000111111001111110001111100011101111111100000000000000000000000000000000000000000000000000000000000000000
00000000000000000000000000000000000000000000000000000000000000000011100001110011111100111111100011111111001111111100000000111111100111111111011100000111000000111001110001111111001110000011100000111111001111111000000001111111101111110011111110011111111111100000000000000000000000000000000000000000000000000000000000000000
00000000000000000000000000000000000000000000000000000000000000000011111111110011110001110001110011100111001110011100000001100011100111100111001110001110000000111011100011100011100111000111000000011100011110111100000001110011100111000110001110011110001110000000000000000000000000000000000000000000000000000000000000000000
00000000000000000000000000000000000000000000000000000000000000000011111111100011100001110001110011110000001111000000000000000111100111000111001110001110000000111111000011100011100111000111000000011100011100011100000001111000000111000000011110011100001110000000000000000000000000000000000000000000000000000000000000000000
00000000000000000000000000000000000000000000000000000000000000000011111111000011100001111111110001111100000111110000000000011111100111000111000110001100000000111111000011111111100011000110000000011100011100011100000000111110000111000001111110011100001110000000000000000000000000000000000000000000000000000000000000000000
00000000000000000000000000000000000000000000000000000000000000000011100000000011100001111111110000111110000011111000000000111011100111000111000111011100000000111111100011111111100011101110000000011100011100011100000000011111000111000011101110011100001110000000000000000000000000000000000000000000000000000000000000000000
00000000000000000000000000000000000000000000000000000000000000000011100000000011100001110000000000001111000000111100000001110011100111000111000011011100000000111011100011100000000001101110000000011100011100011100000000000111100111000111001110011100001110000000000000000000000000000000000000000000000000000000000000000000
00000000000000000000000000000000000000000000000000000000000000000011100000000011100001110001110011100111001110011100000001110011100111000111000011111000000000111001110011100011100001111100000000011100011110111100000001110011100111000111001110011100001110000000000000000000000000000000000000000000000000000000000000000000
00000000000000000000000000000000000000000000000000000000000000000011100000000011100000111111100011111111001111111100000001111111100111000111000011111000000000111001110001111111000001111100000000011111001111111000000001111111100111110111111110011100001111100000000000000000000000000000000000000000000000000000000000000000
00000000000000000000000000000000000000000000000000000000000000000011100000000011100000011111000001111110000111111000000000111101110111000111000001110000000000111000111000111110000000111000000000001111000111110000000000111111000011110011110111011100000111100000000000000000000000000000000000000000000000000000000000000000
00000000000000000000000000000000000000000000000000000000000000000000000000000000000000000000000000000000000000000000000000000000000000000000000001110000000000000000000000000000000000111000000000000000000000000000000000000000000000000000000000000000000000000000000000000000000000000000000000000000000000000000000000000000
00000000000000000000000000000000000000000000000000000000000000000000000000000000000000000000000000000000000000000000000000000000000000000000000011100000000000000000000000000000000001110000000000000000000000000000000000000000000000000000000000000000000000000000000000000000000000000000000000000000000000000000000000000000
00000000000000000000000000000000000000000000000000000000000000000000000000000000000000000000000000000000000000000000000000000000000000000000001111100000000000000000000000000000000111110000000000000000000000000000000000000000000000000000000000000000000000000000000000000000000000000000000000000000000000000000000000000000
00000000000000000000000000000000000000000000000000000000000000000000000000000000000000000000000000000000000000000000000000000000000000000000001111000000000000000000000000000000000111100000000000000000000000000000000000000000000000000000000000000000000000000000000000000000000000000000000000000000000000000000000000000000