11111111111111111111111111111111
11111111111111111111111111111111
11111111111111111111111111111111
11110000000000000000000000001111
11000000000000000000000000000011
10000000000000000000000000000001
10000000000000000000000000000001
00000000010100000000000000000000
00000010010100100000011111011000
00001010010100101000011111011100
00001010010100101000011110011000
00001010010100101000000000000000
00001010010100101000000000000000
00001010010100101000000111100000
00001010010100101000001111110000
00001010010100101000011000011000
00001010010100101000011000001000
00001010010100101000011000001000
00001010010100101000011000011000
00000010010100100000001100111000
00000000010100000000001111110000
00000000000000000000000011000000
00000000000000000000000000000000
00000000000000000000000000000000
10000000000000000000000000000001
11111111111111111111111111111111
11111111111111111111111111111111
11110000011111111111111000001111
11110000111111111111111100001111
11111111111111111111111111111111
11111111111111111111111111111111
11111111111111111111111111111111